2	2
3	2
5	1
7	2
9	1
12	4
14	3
15	2
19	1
20	1
21	1
24	1
25	2
26	1
29	1
31	4
33	1
40	2
46	1
47	4
48	1
52	1
56	1
57	1
59	2
60	1
61	3
65	1
69	3
70	1
71	2
73	1
78	1
80	1
81	1
85	1
87	1
90	3
92	3
94	2
96	1
97	3
100	4
106	3
109	1
112	1
113	1
116	1
122	1
125	3
126	1
127	1
129	3
130	2
131	3
139	4
145	3
146	3
147	2
150	3
161	3
163	2
164	2
165	1
172	1
174	3
176	1
182	4
184	1
186	2
187	1
189	1
192	2
193	1
196	2
199	1
203	4
204	3
205	4
206	1
212	1
215	4
219	1
224	2
226	2
227	4
230	1
232	1
233	1
234	3
237	2
239	1
240	2
242	2
243	2
246	1
249	2
251	3
253	2
255	2
257	1
259	2
261	3
262	3
263	1
274	4
278	1
281	1
285	2
291	1
295	1
297	3
299	1
301	1
302	1
306	2
310	1
311	1
312	1
315	4
317	3
318	2
319	1
320	1
325	1
327	2
330	1
336	3
338	4
340	1
341	3
343	1
345	3
346	1
351	4
353	1
356	3
357	1
364	2
365	3
367	1
368	2
370	4
371	3
372	4
373	1
376	3
377	2
378	2
379	4
380	3
381	2
382	3
384	1
385	4
386	4
387	4
390	1
391	4
396	3
399	2
403	3
410	2
411	3
416	3
417	3
418	1
419	1
422	4
423	3
425	2
430	3
432	2
433	3
434	2
435	1
438	3
442	4
445	2
448	2
450	1
453	3
457	4
459	3
464	1
467	3
468	4
469	3
470	1
471	2
474	1
475	3
476	1
477	3
478	3
479	3
483	2
485	1
492	3
493	3
494	3
496	3
500	3
502	1
505	1
508	4
509	1
511	1
514	2
515	1
516	1
517	2
522	2
524	3
529	1
531	1
538	4
542	1
543	1
544	4
549	1
552	3
553	1
563	1
564	3
576	4
581	1
583	3
584	3
586	2
587	2
591	1
593	3
594	4
596	1
597	3
598	1
603	1
605	1
608	4
619	3
623	4
625	1
626	2
628	1
638	4
643	1
648	1
652	1
660	4
661	4
666	2
672	4
674	3
676	4
679	1
680	1
681	1
682	1
684	3
687	4
689	1
699	1
700	1
705	4
706	3
710	4
713	1
715	2
718	2
719	1
722	3
723	4
732	4
737	1
742	1
743	4
744	1
746	2
748	3
749	3
750	1
753	4
754	3
755	2
760	1
761	3
762	4
765	2
766	2
769	2
772	1
773	3
778	3
783	1
784	1
792	3
793	1
795	3
797	4
798	1
800	3
802	3
804	3
805	1
813	3
816	1
818	1
819	2
821	3
822	2
828	4
831	1
834	3
835	2
836	4
837	2
839	1
841	3
843	3
852	1
854	2
855	3
856	2
857	3
858	4
859	1
863	2
864	1
865	4
866	3
870	2
873	2
874	3
875	4
877	2
881	1
886	3
891	3
892	4
894	3
896	1
900	2
901	1
902	1
908	2
909	1
910	3
912	4
913	1
914	2
918	4
920	4
922	1
923	2
924	1
925	2
927	2
929	4
932	4
933	3
937	3
942	2
945	3
946	2
947	1
948	2
951	1
954	3
956	4
957	1
959	2
961	4
962	1
965	3
967	1
971	2
975	4
976	1
977	4
979	3
981	1
982	3
985	3
987	4
988	4
989	2
990	3
993	3
994	3
995	2
999	1
1002	4
1004	1
1009	3
1010	2
1015	4
1020	1
1021	3
1023	1
1028	4
1036	1
1041	1
1045	3
1047	4
1053	1
1055	4
1057	4
1063	2
1066	1
1067	1
1069	1
1071	3
1072	4
1075	2
1076	3
1078	1
1079	3
1080	4
1081	4
1084	1
1085	1
1089	3
1092	1
1094	3
1098	3
1099	2
1102	3
1103	3
1104	3
1109	1
1111	4
1113	4
1115	3
1117	1
1118	1
1123	2
1128	1
1129	2
1130	4
1135	1
1137	3
1138	1
1139	1
1143	1
1144	2
1148	3
1149	1
1151	1
1154	3
1161	3
1162	2
1165	2
1167	2
1168	2
1171	4
1173	4
1175	4
1181	1
1184	4
1185	1
1186	1
1190	1
1192	2
1199	3
1201	2
1202	4
1208	3
1213	1
1220	1
1223	2
1224	2
1225	3
1226	3
1227	1
1228	2
1230	4
1231	3
1232	1
1233	3
1235	1
1236	3
1241	4
1242	3
1245	1
1246	2
1253	2
1256	3
1258	3
1261	2
1265	4
1269	4
1273	1
1277	3
1278	2
1280	1
1281	2
1282	3
1283	3
1286	4
1287	1
1289	1
1290	1
1292	4
1294	4
1296	2
1298	4
1300	4
1302	4
1303	4
1304	1
1305	2
1308	2
1309	1
1310	4
1315	1
1317	2
1321	2
1322	3
1325	1
1326	4
1327	3
1328	1
1329	2
1331	1
1334	1
1335	1
1336	1
1337	1
1341	3
1344	2
1345	2
1348	3
1349	1
1352	2
1353	3
1355	4
1358	3
1359	1
1360	3
1371	3
1372	1
1374	2
1376	1
1378	1
1379	1
1380	1
1384	1
1388	3
1389	3
1391	1
1392	2
1393	3
1396	3
1399	4
1401	3
1402	2
1403	1
1404	1
1405	2
1406	1
1409	2
1410	3
1414	3
1423	1
1425	3
1426	4
1427	3
1428	2
1432	1
1439	3
1443	2
1446	3
1448	3
1449	2
1450	2
1454	1
1459	4
1468	2
1469	3
1471	2
1472	4
1477	4
1479	1
1485	1
1486	4
1489	1
1493	3
1497	4
1500	1
1501	1
1503	2
1504	4
1509	4
1510	3
1512	1
1513	3
1514	1
1516	3
1517	1
1520	4
1521	2
1522	3
1528	3
1532	1
1534	1
1536	2
1537	1
1538	1
1539	3
1541	2
1542	4
1548	1
1550	1
1553	2
1558	3
1560	4
1565	3
1566	1
1568	1
1574	4
1575	3
1579	1
1580	2
1582	3
1590	1
1591	3
1594	4
1608	3
1612	1
1613	4
1622	3
1624	3
1626	1
1627	3
1634	2
1640	2
1641	3
1642	3
1645	3
1650	4
1658	3
1660	4
1663	3
1665	3
1668	2
1673	2
1676	1
1677	1
1678	2
1680	2
1682	1
1688	1
1689	3
1691	3
1692	2
1693	1
1694	1
1695	4
1696	2
1703	3
1708	2
1709	3
1712	3
1713	1
1723	3
1725	3
1726	3
1731	4
1733	1
1734	3
1735	3
1737	1
1742	1
1745	4
1750	3
1751	1
1758	3
1763	3
1766	1
1769	4
1770	1
1773	4
1775	3
1776	3
1781	3
1782	2
1784	1
1786	4
1788	1
1792	2
1794	1
1795	3
1796	2
1797	4
1799	2
1803	4
1805	4
1808	2
1809	1
1810	1
1811	1
1814	1
1819	2
1820	1
1828	1
1830	3
1836	1
1837	1
1839	2
1842	1
1843	3
1844	2
1848	3
1856	4
1857	3
1858	2
1859	1
1864	2
1867	3
1869	3
1873	1
1875	1
1878	3
1879	2
1882	4
1883	3
1885	2
1891	1
1892	1
1893	1
1894	2
1896	4
1900	4
1910	1
1913	2
1927	1
1932	1
1935	4
1936	2
1938	3
1941	1
1942	3
1944	2
1947	1
1948	2
1951	1
1952	3
1955	4
1957	4
1960	3
1961	2
1964	4
1965	4
1966	3
1969	2
1973	3
1976	4
1978	3
1981	3
1983	4
1985	4
1987	3
1991	2
1992	4
1993	2
1994	2
1995	3
2002	1
2004	4
2006	1
2007	4
2008	1
2009	3
2010	1
2011	1
2012	2
2013	3
2015	1
2017	2
2020	4
2021	3
2022	2
2023	4
2025	2
2028	1
2030	3
2031	4
2032	1
2034	4
2037	3
2043	3
2047	4
2051	3
2052	3
2053	1
2060	1
2063	2
2065	4
2066	3
2067	4
2070	3
2071	1
2072	4
2073	3
2074	3
2075	3
2077	4
2079	2
2084	3
2086	3
2087	3
2089	2
2093	1
2094	4
2098	4
2099	2
2100	1
2102	1
2104	4
2105	3
2109	3
2110	3
2112	1
2113	1
2122	1
2124	1
2126	3
2129	4
2134	1
2135	3
2138	4
2140	3
2144	3
2147	2
2149	1
2151	4
2152	4
2153	3
2154	2
2155	4
2159	4
2160	3
2162	4
2165	2
2172	1
2183	2
2189	3
2191	4
2193	1
2197	3
2198	2
2203	3
2204	1
2210	4
2211	2
2213	4
2214	3
2223	4
2231	1
2232	3
2233	4
2234	3
2235	2
2237	4
2238	3
2239	4
2242	4
2244	3
2246	2
2251	4
2252	4
2259	1
2261	1
2262	4
2264	1
2266	2
2268	3
2273	3
2275	1
2276	3
2279	2
2280	2
2283	3
2287	3
2289	2
2292	3
2294	3
2296	3
2297	3
2299	2
2301	1
2303	3
2304	3
2307	1
2308	1
2318	1
2319	3
2324	1
2325	2
2326	3
2332	1
2333	1
2338	3
2339	1
2340	3
2342	1
2345	3
2346	3
2348	1
2349	1
2357	3
2358	4
2361	3
2368	1
2370	4
2373	2
2375	1
2376	4
2379	3
2382	4
2383	3
2384	3
2385	3
2389	2
2391	3
2392	4
2393	3
2394	3
2396	3
2397	1
2399	2
2401	4
2407	3
2408	1
2409	2
2412	3
2415	1
2416	1
2417	1
2421	3
2424	2
2428	1
2429	4
2431	2
2435	4
2436	3
2443	3
2444	3
2450	2
2453	3
2455	4
2456	3
2459	1
2461	3
2463	1
2464	3
2466	1
2471	3
2477	1
2480	4
2481	3
2482	1
2483	4
2490	1
2492	1
2493	3
2494	4
2500	1
2504	3
2518	3
2525	2
2526	1
2528	3
2529	2
2530	1
2531	2
2533	1
2534	1
2535	1
2536	2
2542	1
2543	4
2545	1
2546	3
2550	3
2551	3
2554	2
2555	1
2562	3
2563	1
2565	2
2566	3
2570	3
2571	1
2572	4
2576	2
2577	2
2579	4
2586	3
2588	1
2591	3
2594	4
2597	3
2598	3
2606	4
2611	3
2615	4
2616	4
2623	3
2624	2
2626	2
2634	3
2635	1
2636	1
2638	1
2641	1
2646	1
2648	1
2656	4
2659	1
2660	1
2662	1
2664	3
2665	1
2668	1
2671	1
2673	4
2674	2
2677	2
2681	4
2682	1
2684	2
2687	3
2693	4
2696	4
2700	3
2701	3
2707	1
2709	1
2719	3
2720	4
2729	3
2731	2
2732	4
2733	2
2735	2
2736	1
2743	1
2744	2
2751	1
2754	2
2758	3
2759	2
2762	3
2763	1
2770	3
2771	3
2774	4
2778	1
2782	2
2785	3
2787	2
2788	1
2789	3
2791	4
2793	2
2796	3
2799	1
2804	1
2808	1
2810	4
2811	4
2814	2
2817	4
2824	1
2831	4
2832	4
2835	2
2837	1
2838	1
2842	1
2847	3
2848	1
2864	4
2868	1
2871	2
2878	1
2879	3
2880	2
2882	1
2883	3
2885	1
2886	3
2890	1
2893	1
2894	4
2901	4
2902	2
2905	1
2906	2
2909	3
2914	4
2916	4
2922	1
2923	1
2924	3
2925	1
2932	3
2934	1
2935	1
2937	2
2939	3
2940	1
2942	1
2947	4
2949	1
2950	1
2956	3
2959	4
2961	1
2962	1
2964	3
2966	3
2969	4
2971	3
2975	1
2977	1
2979	1
2986	3
2991	2
2992	3
3000	1
3002	2
3003	2
3006	1
3014	1
3026	1
3031	4
3034	3
3036	2
3038	1
3042	3
3044	3
3050	4
3053	3
3054	3
3058	3
3059	1
3060	3
3061	3
3062	3
3068	2
3070	1
3071	1
3073	3
3075	2
3080	1
3086	1
3090	3
3093	1
3094	4
3095	3
3099	1
3100	3
3101	4
3102	1
3104	1
3113	4
3115	3
3120	3
3121	1
3125	4
3129	2
3134	1
3135	3
3140	1
3141	4
3142	1
3149	4
3150	1
3157	1
3159	3
3163	3
3166	1
3168	3
3171	4
3172	1
3173	3
3174	1
3176	1
3180	1
3183	1
3184	1
3185	2
3186	1
3189	3
3190	1
3194	3
3199	1
3201	3
3203	2
3209	1
3213	1
3223	4
3228	1
3230	1
3233	3
3236	4
3242	1
3247	1
3251	4
3253	4
3254	2
3256	1
3258	3
3264	2
3266	1
3268	1
3277	4
3278	2
3281	2
3282	2
3284	3
3290	3
3291	4
3304	2
3306	1
3318	3
3320	1
3322	1
3326	2
3328	3
3332	2
3333	4
3334	1
3340	4
3347	2
3348	3
3350	4
3354	1
3356	1
3360	3
3368	3
3369	4
3371	4
3375	1
3378	2
3381	1
3385	3
3394	3
3399	1
3402	4
3411	2
3418	1
3421	1
3422	2
3429	3
3432	3
3437	2
3440	2
3441	1
3442	1
3443	4
3444	1
3446	1
3447	3
3448	3
3450	4
3451	3
3452	2
3453	1
3454	3
3455	3
3459	3
3471	1
3477	4
3479	4
3481	3
3484	1
3488	3
3490	1
3492	1
3499	2
3503	4
3506	3
3507	4
3510	3
3512	2
3513	1
3515	4
3516	4
3519	4
3520	3
3525	3
3526	4
3532	4
3534	1
3535	1
3539	1
3540	3
3544	3
3546	3
3558	3
3561	3
3562	2
3564	2
3566	1
3568	2
3573	1
3574	4
3575	4
3576	2
3578	3
3585	2
3590	1
3591	1
3592	4
3593	4
3594	4
3595	2
3597	4
3599	2
3600	4
3601	3
3603	2
3604	3
3606	3
3609	1
3612	1
3620	2
3621	1
3625	2
3627	4
3629	2
3631	1
3636	2
3638	2
3644	1
3645	1
3647	4
3649	2
3657	3
3660	3
3661	2
3662	4
3664	3
3665	2
3675	3
3678	1
3680	2
3681	3
3685	1
3688	1
3699	3
3701	1
3702	1
3704	3
3716	4
3719	4
3721	4
3722	3
3723	3
3727	1
3728	1
3730	1
3732	1
3735	3
3738	1
3739	3
3740	1
3741	1
3744	3
3749	2
3756	3
3764	1
3765	4
3769	3
3770	3
3778	1
3780	3
3781	2
3782	1
3786	3
3789	3
3790	3
3792	2
3793	1
3798	4
3806	2
3809	1
3811	1
3815	3
3822	1
3831	1
3832	2
3843	1
3847	1
3848	2
3852	1
3856	3
3858	1
3863	2
3866	3
3867	2
3869	2
3870	1
3874	1
3876	1
3879	2
3880	4
3881	4
3887	3
3890	3
3891	1
3892	2
3897	3
3898	1
3899	1
3900	1
3903	3
3904	1
3906	2
3909	1
3910	1
3911	1
3916	1
3918	2
3920	2
3921	4
3922	1
3932	3
3934	3
3937	3
3942	2
3943	3
3947	1
3949	4
3950	1
3951	1
3957	2
3958	1
3962	3
3968	1
3974	3
3977	3
3978	4
3983	1
3987	2
3988	1
3992	1
3996	4
3999	2
4000	3
4001	2
4008	3
4016	1
4019	1
4029	2
4030	1
4032	4
4033	3
4038	3
4042	2
4051	2
4052	3
4053	3
4054	3
4057	2
4058	1
4061	4
4065	1
4070	3
4076	3
4077	1
4078	2
4079	3
4080	2
4087	1
4089	1
4090	1
4091	4
4092	1
4093	3
4094	4
4100	1
4105	1
4110	3
4111	3
4118	3
4119	3
4126	3
4132	3
4145	4
4146	2
4151	2
4152	4
4157	4
4159	2
4162	2
4164	1
4170	3
4172	1
4179	3
4182	2
4190	3
4195	1
4196	2
4200	2
4207	1
4209	3
4216	3
4220	1
4222	1
4228	1
4238	4
4239	3
4241	4
4244	3
4246	1
4247	1
4249	2
4254	3
4256	3
4257	3
4259	1
4260	3
4266	2
4272	3
4286	1
4289	1
4293	3
4294	1
4300	4
4303	4
4306	3
4307	1
4309	1
4311	1
4314	4
4325	3
4326	3
4328	2
4331	2
4332	3
4333	1
4334	3
4340	2
4345	2
4349	4
4353	1
4358	2
4359	4
4361	1
4363	1
4364	3
4370	1
4372	3
4374	3
4376	4
4377	4
4388	1
4389	3
4393	4
4399	4
4402	4
4408	2
4410	2
4415	1
4422	3
4429	3
4430	2
4432	2
4434	4
4441	2
4447	4
4449	2
4450	1
4451	2
4453	3
4454	3
4466	1
4470	1
4475	3
4476	3
4479	2
4488	1
4491	1
4495	2
4501	2
4502	4
4503	4
4505	3
4508	3
4509	3
4515	1
4521	1
4522	3
4523	1
4534	1
4539	3
4540	1
4542	3
4544	3
4545	4
4548	3
4564	4
4566	1
4570	1
4571	4
4574	1
4581	3
4583	3
4584	3
4595	4
4599	3
4603	1
4604	2
4606	4
4608	3
4609	3
4612	4
4615	3
4616	3
4618	2
4620	4
4621	1
4625	3
4626	3
4633	2
4634	3
4642	4
4654	3
4656	1
4657	4
4664	4
4667	3
4670	1
4672	1
4673	2
4681	2
4684	4
4693	4
4695	1
4708	1
4712	1
4715	3
4725	4
4726	2
4731	3
4733	3
4739	3
4740	3
4746	2
4765	3
4768	1
4773	3
4775	3
4778	4
4781	1
4786	1
4789	4
4790	3
4792	4
4794	1
4795	2
4802	3
4804	1
4805	3
4806	3
4808	2
4811	2
4812	1
4826	1
4830	4
4832	4
4834	4
4841	3
4850	3
4860	1
4863	1
4869	3
4873	3
4876	2
4877	3
4887	1
4891	3
4894	3
4897	2
4900	3
4901	3
4907	1
4913	4
4915	3
4919	1
4922	3
4923	4
4939	2
4949	3
4950	3
4951	2
4956	1
4959	3
4961	1
4966	2
4972	2
4974	1
4981	2
4985	2
4986	2
4987	1
4994	3
4998	2
5001	4
5002	3
5004	3
5007	1
5008	1
5012	3
5013	1
5020	4
5022	3
5024	3
5033	1
5038	3
5039	4
5045	1
5047	1
5049	4
5050	3
5053	1
5062	2
5066	1
5068	2
5078	2
5080	3
5081	4
5082	1
5084	2
5090	4
5091	2
5094	1
5095	2
5103	1
5104	4
5106	1
5113	3
5116	3
5120	4
5126	2
5127	4
5131	3
5136	4
5140	3
5142	4
5146	4
5148	3
5152	1
5156	3
5163	4
5164	2
5169	4
5170	3
5174	3
5184	3
5189	2
5192	1
5197	2
5198	1
5204	4
5205	2
5206	3
5212	1
5215	2
5216	3
5221	1
5231	3
5233	1
5234	3
5244	4
5245	2
5248	1
5250	1
5252	3
5254	3
5256	3
5259	2
5260	1
5266	2
5272	4
5278	4
5279	3
5281	3
5286	3
5288	3
5289	1
5290	1
5291	2
5295	3
5307	3
5308	2
5312	3
5314	4
5315	3
5321	1
5322	4
5325	3
5329	3
5332	1
5338	3
5347	1
5349	3
5350	2
5351	3
5352	2
5353	3
5355	3
5356	3
5362	3
5364	2
5368	3
5372	3
5377	2
5380	3
5388	3
5390	3
5395	3
5404	2
5405	2
5406	1
5412	1
5418	4
5420	4
5421	2
5424	1
5426	3
5438	2
5439	2
5444	1
5445	1
5447	2
5450	4
5454	2
5455	3
5456	4
5458	2
5462	1
5468	4
5469	1
5471	3
5479	2
5486	3
5487	1
5489	2
5492	4
5496	2
5500	1
5501	2
5507	1
5510	3
5512	2
5520	3
5524	1
5531	4
5537	4
5544	2
5548	4
5552	3
5557	4
5558	2
5559	3
5562	3
5563	3
5564	3
5567	1
5570	3
5577	3
5578	1
5584	3
5593	2
5599	3
5601	2
5605	1
5607	3
5611	1
5616	1
5619	3
5620	1
5622	1
5624	3
5628	4
5638	3
5641	3
5643	3
5644	1
5649	3
5650	3
5652	1
5655	1
5658	3
5665	2
5667	4
5676	1
5678	2
5681	1
5682	3
5693	2
5696	3
5699	2
5701	1
5704	3
5705	3
5706	2
5707	3
5709	1
5711	2
5712	3
5719	3
5720	2
5721	3
5723	1
5731	3
5737	1
5741	3
5742	3
5749	3
5752	1
5754	3
5755	1
5756	1
5758	2
5761	4
5763	1
5766	3
5773	2
5781	4
5784	1
5785	3
5796	2
5799	3
5801	4
5803	2
5810	2
5811	2
5812	1
5813	1
5819	4
5821	1
5824	1
5829	3
5839	2
5845	3
5846	4
5848	3
5850	4
5851	1
5863	2
5868	3
5869	2
5870	3
5871	3
5874	2
5880	1
5882	2
5883	1
5885	4
5886	3
5900	3
5903	2
5906	4
5909	1
5914	4
5920	1
5921	4
5930	4
5932	2
5934	2
5935	2
5936	2
5942	3
5943	1
5953	1
5957	1
5962	1
5963	1
5972	3
5975	4
5980	1
5993	2
5998	3
5999	4
6001	3
6002	1
6003	2
6004	2
6006	3
6009	4
6010	1
6020	3
6030	1
6032	3
6033	3
6034	3
6035	2
6036	3
6038	1
6039	3
6040	3
6043	4
6047	1
6048	4
6049	1
6050	2
6053	3
6056	4
6061	3
6064	2
6065	1
6066	2
6069	3
6070	2
6071	3
6075	1
6079	3
6081	4
6083	1
6085	3
6086	4
6088	4
6092	4
6099	3
6101	2
6103	3
6109	4
6112	4
6113	4
6118	3
6120	2
6122	1
6131	2
6137	1
6146	2
6148	3
6150	1
6152	1
6153	4
6157	4
6161	3
6163	4
6165	4
6176	4
6177	3
6182	3
6183	3
6186	1
6187	3
6188	3
6191	1
6192	3
6193	4
6194	2
6195	2
6196	3
6197	1
6198	2
6200	1
6201	3
6203	2
6205	1
6217	3
6222	4
6226	2
6228	3
6231	2
6233	3
6242	1
6243	1
6246	1
6253	3
6255	1
6263	3
6266	4
6270	1
6273	1
6274	1
6280	3
6281	1
6282	1
6290	1
6293	1
6295	1
6299	1
6304	1
6311	4
6312	4
6321	3
6324	1
6325	2
6326	3
6328	1
6332	4
6333	2
6336	4
6341	2
6347	2
6349	1
6350	3
6354	4
6367	3
6368	1
6377	3
6382	4
6386	4
6388	3
6391	4
6393	1
6396	4
6397	4
6403	3
6406	3
6408	4
6417	3
6432	2
6437	3
6452	2
6458	1
6459	1
6472	1
6484	3
6488	3
6497	4
6511	3
6512	3
6522	3
6524	1
6527	3
6540	1
6541	4
6553	1
6566	1
6567	3
6573	2
6580	4
6584	3
6586	2
6590	3
6592	4
6599	4
6604	4
6608	2
6609	2
6614	3
6620	3
6622	3
6623	2
6625	2
6626	3
6629	4
6632	1
6637	4
6646	3
6648	3
6649	1
6651	4
6654	2
6655	3
6663	1
6681	4
6682	3
6689	4
6699	4
6701	2
6703	1
6709	3
6714	3
6723	3
6724	2
6725	3
6731	1
6733	1
6742	4
6743	1
6748	2
6752	1
6757	2
6762	2
6765	1
6766	3
6778	3
6780	2
6789	1
6799	3
6813	1
6817	4
6830	1
6836	1
6839	3
6840	2
6848	4
6849	2
6851	3
6858	1
6859	4
6863	1
6874	1
6880	1
6883	1
6895	4
6896	1
6899	3
6903	4
6909	2
6911	4
6912	3
6930	2
6931	3
6942	3
6947	3
6952	4
6954	1
6957	3
6958	3
6964	1
6972	4
6977	4
6981	3
6982	2
6984	2
6991	1
6993	4
6997	2
7002	3
7018	2
7020	1
7025	1
7029	1
7039	4
7044	4
7051	1
7060	3
7062	2
7064	1
7075	3
7079	1
7083	4
7084	3
7085	1
7087	4
7088	4
7096	3
7106	3
7117	3
7121	1
7127	3
7128	2
7129	4
7132	1
7133	1
7135	3
7137	1
7138	4
7142	3
7171	3
7178	4
7180	1
7188	3
7194	1
7201	3
7205	2
7213	3
7219	3
7220	3
7234	1
7235	2
7240	3
7248	4
7251	2
7261	3
7266	3
7269	1
7279	1
7280	1
7285	4
7296	3
7300	3
7305	1
7306	3
7309	4
7323	2
7325	1
7329	1
7333	2
7334	1
7348	2
7359	3
7361	3
7364	1
7368	3
7371	4
7374	3
7379	3
7391	2
7397	4
7400	2
7401	2
7412	2
7417	3
7427	1
7429	3
7431	4
7434	2
7438	1
7440	3
7443	4
7446	4
7451	1
7453	1
7454	3
7458	3
7462	3
7468	2
7471	2
7473	3
7482	4
7486	3
7490	3
7494	1
7503	3
7511	4
7513	2
7520	3
7535	1
7538	3
7542	1
7545	1
7546	2
7551	1
7555	1
7557	4
7560	4
7567	3
7568	1
7569	1
7571	2
7574	4
7581	2
7588	3
7608	2
7612	3
7627	2
7634	3
7642	3
7646	2
7652	1
7658	3
7670	1
7674	1
7676	2
7680	3
7695	4
7696	4
7697	1
7704	3
7709	1
7716	2
7719	1
7734	3
7740	3
7747	3
7752	1
7754	4
7759	4
7762	3
7765	4
7773	1
7781	2
7782	1
7786	1
7790	3
7792	2
7806	3
7807	3
7816	4
7821	4
7822	2
7823	2
7828	1
7838	3
7841	1
7844	1
7848	3
7850	3
7852	3
7867	3
7872	3
7874	4
7876	4
7884	1
7890	1
7896	4
7899	1
7900	3
7902	1
7912	3
7914	4
7917	1
7918	3
7924	2
7927	3
7928	3
7938	1
7959	3
7965	3
7966	2
7971	4
7986	2
7990	2
7995	3
8000	1
8006	2
8008	3
8017	3
8020	3
8023	1
8031	4
8043	1
8049	1
8052	2
8059	3
8062	1
8064	2
8071	2
8079	2
8081	1
8086	1
8101	3
8102	1
8104	3
8105	4
8122	2
8123	1
8127	3
8128	3
8130	4
8135	4
8142	4
8146	1
8149	3
8151	4
8157	1
8158	3
8159	3
8167	3
8173	4
8174	4
8178	1
8192	1
8195	4
8199	1
8202	3
8208	2
8211	1
8216	2
8217	4
8229	2
8237	3
8240	2
8245	2
8251	2
8257	3
8262	4
8263	4
8267	4
8268	3
8272	2
8275	3
8276	1
8280	3
8295	1
8296	1
8304	2
8307	3
8309	3
8311	2
8315	3
8316	3
8319	3
8321	1
8331	3
8333	1
8334	4
8346	4
8348	4
8352	3
8355	3
8356	2
8358	1
8360	3
8362	1
8364	1
8383	2
8396	3
8398	1
8406	1
8412	4
8413	3
8415	4
8427	3
8431	3
8437	3
8449	3
8452	3
8459	2
8469	3
8473	1
8481	1
8485	3
8486	2
8490	4
8494	3
8495	2
8503	3
8505	4
8507	3
8511	3
8519	3
8524	2
8525	2
8533	1
8539	3
8540	2
8541	1
8546	3
8559	4
8563	4
8572	3
8577	3
8580	2
8583	2
8587	2
8592	2
8595	1
8600	3
8601	3
8608	4
8609	4
8612	2
8621	4
8629	1
8631	1
8633	3
8635	4
8642	1
8643	1
8645	3
8650	4
8665	1
8670	4
8676	3
8679	1
8683	2
8690	2
8693	3
8695	4
8696	2
8702	3
8705	4
8706	3
8713	1
8715	4
8726	3
8732	1
8733	4
8739	3
8741	4
8742	1
8743	3
8744	1
8748	3
8755	2
8756	2
8762	3
8765	4
8777	3
8779	4
8781	3
8788	3
8792	4
8800	4
8806	1
8808	3
8816	4
8819	2
8821	2
8833	3
8835	2
8841	1
8845	1
8848	4
8849	4
8850	1
8856	1
8861	1
8866	1
8871	1
8873	1
8875	3
8886	2
8889	1
8894	1
8895	3
8898	3
8904	2
8905	2
8913	3
8915	4
8916	4
8919	1
8923	1
8928	4
8933	3
8945	3
8948	1
8949	1
8950	3
8953	2
8955	4
8956	4
8964	3
8970	3
8971	1
8978	3
8982	3
8983	4
8986	4
8990	3
8998	1
9012	1
9015	1
9020	4
9023	1
9032	1
9037	3
9043	3
9057	2
9064	1
9068	3
9074	2
9076	3
9086	3
9092	1
9103	2
9104	3
9109	3
9112	2
9118	4
9119	3
9120	1
9124	3
9128	1
9130	2
9131	4
9144	3
9145	2
9150	3
9154	1
9161	3
9169	2
9173	4
9181	4
9182	4
9185	1
9187	3
9191	2
9194	4
9197	2
9206	1
9208	3
9209	3
9211	1
9217	1
9240	3
9244	1
9252	2
9256	3
9273	1
9276	3
9277	3
9283	4
9289	1
9291	3
9293	4
9295	2
9298	3
9313	4
9314	3
9318	1
9322	2
9326	4
9327	1
9337	4
9346	3
9362	3
9364	3
9365	4
9370	3
9378	3
9379	2
9386	3
9388	2
9396	4
9398	3
9399	1
9415	3
9420	2
9424	3
9426	1
9428	3
9429	1
9430	4
9434	2
9440	2
9445	4
9446	3
9451	3
9452	1
9456	2
9466	4
9467	3
9473	1
9475	3
9476	2
9478	4
9479	3
9480	3
9481	1
9486	1
9488	3
9492	3
9493	1
9499	1
9505	1
9510	3
9514	1
9515	2
9525	1
9532	3
9535	1
9536	4
9542	3
9545	4
9546	3
9555	1
9556	3
9558	3
9565	3
9573	3
9578	1
9583	4
9586	3
9590	2
9592	4
9593	2
9595	4
9596	1
9604	1
9608	3
9612	4
9615	2
9616	4
9627	4
9642	1
9643	3
9654	3
9660	3
9663	1
9668	2
9675	3
9677	3
9710	4
9711	4
9727	1
9728	3
9729	1
9732	4
9743	4
9744	3
9746	4
9764	4
9768	1
9778	1
9789	1
9790	1
9791	3
9795	3
9797	2
9803	2
9804	4
9810	4
9811	4
9813	3
9815	3
9819	1
9825	2
9828	3
9830	2
9832	1
9833	3
9844	4
9847	3
9852	2
9853	1
9854	1
9866	4
9869	3
9871	2
9883	2
9884	3
9885	1
9889	1
9892	3
9897	4
9898	4
9899	3
9900	1
9901	3
9902	1
9905	2
9911	2
9915	4
9916	3
9919	3
9924	2
9927	2
9928	3
9930	2
9937	3
9938	2
9943	3
9950	3
9960	3
9963	3
9965	3
9967	4
9969	3
9978	4
9989	1
9990	2
9992	4
9996	3
10007	2
10015	1
10044	2
10051	4
10060	4
10063	1
10069	3
10070	1
10071	2
10073	1
10074	3
10081	3
10090	4
10097	1
10105	2
10109	1
10111	3
10112	3
10113	2
10124	2
10136	4
10144	4
10152	1
10163	2
10174	4
10175	1
10178	1
10189	3
10193	3
10194	4
10207	4
10209	2
10210	3
10214	4
10215	3
10217	2
10221	3
10222	1
10233	4
10250	3
10253	3
10257	3
10258	2
10265	3
10269	3
10272	4
10273	3
10275	4
10288	4
10289	2
10291	2
10293	3
10295	1
10300	4
10302	3
10305	4
10309	3
10311	4
10322	3
10323	1
10324	2
10332	3
10333	4
10339	3
10347	1
10349	1
10357	4
10378	4
10388	3
10395	2
10396	3
10402	1
10424	1
10425	3
10435	4
10439	1
10444	2
10452	1
10455	2
10456	4
10461	4
10477	4
10483	4
10487	3
10489	2
10491	3
10493	1
10495	4
10496	3
10509	2
10512	4
10540	1
10549	4
10554	1
10557	4
10560	1
10569	2
10602	3
10611	3
10612	4
10614	2
10638	3
10642	2
10645	2
10649	3
10652	4
10661	4
10667	4
10669	1
10672	4
10683	1
10689	3
10691	2
10692	1
10694	3
10699	1
10705	3
10708	3
10716	3
10717	3
10720	3
10734	2
10738	2
10750	2
10751	2
10752	2
10758	2
10761	1
10765	1
10767	3
10775	3
10781	1
10783	1
10784	3
10788	2
10794	1
10796	3
10798	4
10801	2
10803	3
10807	4
10808	1
10811	2
10823	3
10825	3
10830	1
10833	4
10848	1
10850	3
10851	4
10859	3
10863	2
10868	3
10869	3
10874	3
10877	4
10880	1
10894	2
10895	2
10898	2
10899	1
10901	4
10917	4
10944	1
10974	3
11037	4
11044	2
11055	1
11068	3
11082	3
11084	4
11105	1
11124	4
11132	3
11170	4
11211	4
11245	1
11248	4
11298	4
11311	3
11312	4
11318	1
11352	1
11363	3
11372	2
11377	3
11381	2
11406	4
11413	4
11428	2
11434	4
11437	4
11520	4
11530	4
11536	1
11551	2
11593	2
11634	4
11664	1
11684	1
11692	4
11694	4
11697	1
11718	1
11727	2
11753	2
11774	4
11775	1
11776	1
11779	1
11801	1
11808	1
11833	1
11859	1
11865	4
11869	4
11918	4
11967	3
12021	4
12026	4
12037	4
12039	1
12056	4
12072	3
12073	1
12076	4
12085	4
12087	2
12143	1
12147	4
12154	2
12169	4
12172	3
12177	2
12184	1
12210	4
12229	4
12240	3
12257	1
12275	1
12277	4
12279	4
12286	4
12293	4
12294	4
12304	4
12326	4
12327	1
12333	4
12346	1
12361	4
12390	4
12398	2
12408	1
12413	1
12426	1
12451	1
12467	2
12468	2
12479	1
12499	1
12530	4
12538	4
12543	1
12545	3
12568	3
12581	1
12618	4
12619	1
12624	2
12667	1
12680	4
12726	3
12735	3
12742	1
12747	4
12748	1
12782	4
12807	1
12825	1
12830	3
12846	1
12864	4
12872	3
12879	1
12885	2
12911	4
12928	1
12959	3
12964	1
12970	2
12987	2
12996	2
13010	3
13023	2
13036	3
13055	3
13074	3
13075	1
13080	3
13156	4
13161	4
13166	4
13220	2
13239	1
13283	4
13292	2
13309	1
13310	1
13319	2
13337	4
13354	2
13355	1
13381	4
13419	4
13421	1
13426	1
13442	1
13445	3
13448	1
13452	2
13456	2
13483	1
13555	4
13561	4
13567	4
13569	3
13589	4
13593	1
13619	2
13626	4
13632	3
13675	1
13710	1
13724	3
13725	4
13740	2
13750	1
13779	1
13793	2
13812	4
13815	1
13834	3
13919	4
13929	4
13954	1
13962	4
13974	4
13976	1
14014	2
14070	2
14100	4
14134	1
14170	1
14171	3
14197	2
14240	1
14241	1
14246	1
14248	1
14253	4
14258	1
14263	2
14273	2
14285	3
14304	4
14327	1
14330	4
14366	2
14395	4
14416	3
14421	2
14422	1
14423	1
14432	4
14451	2
14452	2
14470	4
14472	3
14478	4
14499	4
14517	3
14557	2
14575	4
14576	4
14589	4
14598	4
14599	4
14609	1
14623	3
14633	4
14650	2
14655	3
14664	1
14685	2
14690	1
14696	4
14702	4
14706	4
14709	3
14731	4
14750	4
14778	4
14784	2
14838	1
14852	1
14853	2
14889	1
14912	1
14932	4
14941	4
14957	3
14959	4
14971	3
15041	1
15042	4
15045	2
15071	4
15120	3
15155	4
15157	4
15174	3
15177	3
15205	4
15217	4
15228	2
15244	3
15255	4
15267	1
15273	1
15274	2
15277	1
15279	4
15280	1
15296	4
15302	1
15306	2
15318	4
15325	4
15357	2
15366	3
15373	1
15390	4
15401	1
15473	2
15487	3
15493	4
15505	3
15518	4
15553	4
15559	1
15601	1
15640	4
15648	1
15662	1
15746	1
15747	2
15754	4
15758	1
15777	2
15783	4
15789	4
15804	2
15811	4
15812	4
15827	3
15834	4
15859	1
15868	2
15877	2
15894	1
15922	4
15925	4
15926	4
15931	2
15933	3
15975	4
15981	2
15987	4
15992	2
15998	3
16005	3
16013	1
16017	2
16038	3
16039	4
16048	4
16057	4
16059	4
16081	4
16088	2
16090	4
16099	4
16101	1
16106	4
16146	1
16163	4
16183	4
16186	2
16190	1
16210	3
16220	3
16241	4
16246	1
16250	4
16255	3
16259	4
16286	4
16299	4
16313	4
16318	4
16327	1
16365	1
16366	1
16373	4
16394	4
16429	4
16432	4
16439	2
16475	3
16488	4
16489	1
16491	4
16507	3
16539	3
16542	4
16566	3
16573	4
16584	2
16588	4
16599	3
16610	2
16647	1
16651	1
16656	4
16671	1
16685	2
16688	1
16698	1
16700	4
16708	1
16710	4
16731	4
16746	4
16751	1
16766	1
16771	4
16794	4
16826	1
16841	3
16842	2
16898	3
16912	4
16954	1
16966	1
17031	3
17049	4
17056	3
17108	1
17128	1
17138	2
17156	4
17163	3
17189	4
17197	2
17200	4
17236	3
17247	4
17271	1
17300	2
17318	4
17322	4
17350	4
17351	2
17375	2
17376	4
17378	1
17412	1
17415	4
17451	1
17460	4
17477	4
17530	1
17531	3
17559	3
17562	4
17567	4
17578	1
17582	2
17592	4
17607	3
17624	4
17625	2
17627	1
17629	4
17641	3
17678	3
17692	2
17699	2
17713	4
17716	2
17726	4
17743	3
17748	4
17760	4
17778	4
17800	3
17801	3
17828	3
17847	4
17849	1
17880	1
17899	4
17902	1
17910	1
17913	4
17931	1
17932	1
17950	2
17958	3
18017	2
18024	4
18035	4
18036	3
18038	1
18046	4
18048	1
18062	4
18106	4
18133	2
18141	2
18147	1
18193	4
18197	3
18239	3
18242	1
18264	1
18270	2
18286	2
18293	2
18311	1
18321	2
18328	1
18341	3
18363	1
18365	4
18389	4
18392	3
18437	4
18469	1
18485	2
18497	3
18505	4
18520	2
18536	2
18539	4
18553	2
18562	4
18570	2
18575	2
18579	2
18588	4
18612	3
18647	1
18656	3
18663	1
18664	1
18729	1
18742	4
18750	2
18811	4
18825	1
18826	2
18852	2
18857	1
18876	4
18888	4
18911	3
18912	4
18914	2
18917	4
18918	1
18936	4
18940	1
18952	4
18958	1
18972	2
18980	1
18991	1
19016	4
19017	4
19026	1
19056	3
19072	4
19085	2
19099	1
19125	4
19136	2
19149	1
19150	3
19151	4
19156	4
19171	1
19178	3
19191	4
19215	4
19268	1
19284	1
19288	4
19291	4
19301	3
19304	2
19318	4
19321	4
19324	1
19358	4
19381	1
19398	4
19400	2
19404	1
19411	4
19431	4
19450	4
19469	3
19483	3
19489	2
19496	4
19508	4
19513	3
19527	4
19554	1
19606	4
19615	1
19627	1
19644	1
19666	4
19671	4
19675	1
19701	1
19727	4
19728	4
19742	1
19746	2
19758	2
19760	2
19772	4
19773	1
19781	1
19785	3
19803	4
19805	4
19827	1
19830	3
19837	4
19856	1
19862	4
19887	1
19889	1
19897	4
19962	4
19983	3
19996	1
20008	4
20010	1
20015	4
20022	4
20029	1
20041	4
20052	4
20082	3
20095	4
20133	3
20154	4
20164	4
20171	4
20172	4
20200	4
20223	3
20239	4
20253	3
20261	1
20263	1
20303	1
20317	3
20325	3
20327	1
20344	4
20360	1
20368	1
20381	1
20382	1
20397	4
20412	3
20413	3
20424	4
20426	3
20441	2
20444	4
20450	4
20474	1
20486	1
20491	4
20513	4
20529	4
20572	2
20593	2
20596	3
20598	2
20603	2
20619	1
20636	3
20660	4
20700	4
20713	1
20714	4
20762	1
20789	4
20800	2
20819	1
20825	1
20837	4
20847	2
20852	4
20859	2
20865	2
20876	3
20877	1
20880	4
20889	2
20908	3
20917	3
20934	1
20935	3
20937	1
20960	3
20974	3
21014	4
21043	3
21045	4
21075	3
21076	4
21095	4
21125	2
21130	2
21146	3
21150	2
21162	1
21165	2
21178	2
21181	1
21193	4
21217	4
21220	4
21236	2
21242	1
21245	1
21259	4
21267	2
21289	1
21304	2
21321	1
21357	1
21362	4
21363	4
21372	3
21396	4
21399	4
21401	4
21404	2
21407	4
21418	1
21436	3
21456	1
21464	4
21477	4
21478	3
21502	4
21532	1
21539	4
21546	3
21548	4
21584	1
21597	1
21600	3
21637	2
21665	4
21690	4
21708	4
21710	4
21755	4
21759	3
21772	4
21798	1
21818	3
21857	3
21870	1
21874	4
21875	3
21876	4
21881	4
21896	1
21943	4
21954	4
21970	4
21999	3
22029	1
22033	4
22044	1
22050	1
22056	2
22060	4
22061	2
22068	3
22071	1
22078	4
22081	1
22087	1
22092	1
22100	4
22101	4
22102	4
22105	1
22118	1
22135	3
22152	2
22158	2
22166	4
22182	2
22188	4
22190	1
22202	4
22216	4
22218	1
22253	3
22269	4
22277	4
22301	2
22342	2
22345	2
22373	2
22394	2
22397	4
22422	4
22436	4
22440	3
22459	4
22491	3
22509	1
22527	2
22535	4
22538	4
22540	4
22579	4
22608	1
22623	3
22660	2
22696	3
22698	4
22711	4
22736	4
22758	4
22762	1
22787	4
22801	4
22815	4
22824	1
22833	4
22836	4
22844	2
22845	2
22847	3
22849	3
22855	2
22912	1
22928	2
22935	3
22953	2
22957	4
22963	4
22983	4
22986	4
23011	4
23016	3
23037	4
23041	4
23082	2
23095	2
23098	4
23100	3
23138	3
23150	1
23153	1
23174	4
23183	3
23199	2
23220	4
23225	4
23249	4
23254	4
23259	4
23263	2
23267	4
23303	3
23307	2
23314	1
23316	1
23321	3
23333	2
23343	2
23344	3
23362	1
23383	1
23397	1
23407	4
23426	4
23428	4
23434	1
23439	2
23462	4
23521	4
23526	4
23527	2
23554	4
23555	4
23591	4
23605	1
23617	2
23627	4
23639	4
23693	4
23697	4
23701	2
23707	3
23718	4
23741	1
23752	4
23755	4
23762	1
23785	3
23795	4
23862	1
23875	3
23877	4
23879	3
23885	1
23911	1
23981	4
23983	1
23991	1
24004	4
24036	1
24078	3
24083	2
24112	4
24150	1
24154	1
24158	1
24178	2
24197	1
24209	4
24211	4
24218	4
24223	4
24227	1
24250	3
24271	2
24283	1
24297	2
24304	3
24314	2
24338	1
24374	1
24395	4
24431	1
24460	4
24489	1
24505	4
24518	4
24525	4
24528	3
24540	2
24542	1
24569	1
24570	3
24576	1
24596	1
24619	1
24622	4
24640	1
24655	4
24664	2
24672	1
24738	1
24740	1
24748	2
24798	4
24801	4
24814	1
24817	3
24818	1
24851	4
24852	4
24853	4
24861	4
24881	1
24887	1
24893	1
24903	3
24908	4
24918	4
24943	1
24956	4
24959	4
24970	1
24978	4
24979	3
25009	1
25021	3
25036	3
25051	3
25079	4
25094	4
25126	1
25141	4
25145	3
25149	3
25156	4
25197	1
25205	4
25214	3
25226	1
25288	2
25314	1
25320	4
25348	1
25357	3
25374	2
25377	3
25382	4
25402	4
25448	4
25470	3
25482	4
25500	4
25501	2
25527	4
25543	2
25553	2
25563	3
25567	1
25569	3
25572	3
25580	2
25583	3
25607	2
25623	1
25630	3
25638	4
25647	1
25686	3
25690	1
25699	1
25704	4
25716	1
25730	4
25750	4
25762	2
25763	3
25775	3
25795	1
25799	4
25853	1
25864	4
25867	1
25877	2
25879	1
25903	4
25915	1
25920	4
25931	1
25935	3
25936	3
25952	2
25954	4
26001	4
26020	4
26043	1
26066	4
26087	1
26114	1
26145	2
26158	2
26165	2
26177	4
26193	1
26205	1
26216	3
26226	4
26245	4
26258	3
26265	4
26282	2
26288	4
26292	3
26304	4
26313	4
26314	2
26328	1
26347	4
26356	4
26357	4
26368	4
26379	4
26382	3
26388	4
26398	3
26403	4
26408	1
26418	3
26423	4
26426	4
26437	4
26466	3
26491	2
26523	1
26566	1
26596	1
26604	4
26639	4
26670	1
26679	1
26689	1
26700	4
26720	3
26725	4
26727	4
26729	1
26740	2
26747	1
26751	1
26768	3
26847	4
26872	4
26888	1
26915	1
26918	1
26919	3
26921	3
26930	2
26993	4
26997	2
26998	4
27000	1
27002	4
27003	4
27021	4
27046	1
27068	2
27083	1
27084	1
27103	2
27105	4
27126	1
27135	4
27152	1
27154	2
27156	3
27158	2
27160	2
27178	4
27180	4
27183	2
27211	4
27227	4
27247	4
27268	4
27274	4
27299	4
27305	2
27312	1
27328	4
27346	1
27377	4
27385	4
27390	3
27393	3
27402	1
27406	2
27437	1
27479	3
27480	3
27500	1
27527	3
27528	1
27529	4
27530	1
27534	1
27538	4
27545	4
27572	2
27589	4
27596	4
27605	3
27618	2
27637	2
27648	4
27654	4
27662	2
27682	3
27689	1
27705	1
27710	3
27713	4
27715	1
27722	2
27724	2
27747	2
27816	3
27818	2
27827	2
27829	1
27857	4
27861	3
27865	1
27894	3
27944	3
27949	4
27958	4
27969	4
27976	1
27979	1
27987	4
28002	4
28010	3
28033	3
28036	3
28042	1
28049	1
28059	4
28074	2
28081	4
28090	1
28109	2
28115	3
28135	3
28144	4
28152	4
28153	4
28156	3
28179	4
28183	4
28193	3
28214	4
28220	4
28223	1
28225	1
28238	3
28242	1
28269	3
28275	2
28289	1
28294	3
28298	3
28305	4
28311	3
28323	2
28332	4
28355	3
28385	1
28430	2
28460	1
28481	3
28542	4
28550	4
28577	1
28581	1
28591	4
28608	4
28610	4
28611	3
28628	4
28640	1
28679	4
28680	4
28700	4
28702	1
